139157
6039
10110
155431
4033
47310
69845
308487
7746
42053
155431
24930
6035
13
484
13
87731
44
45
443
342303
308487
3312
941
181908
14093
297226
35145
58769
77831
308487
35145
1196
125016
308487
172115
1322
73474
87731
181908
1322
181908
7090
342303
139157
314
8993
24652
8089
1189
7584
3125
375
260
28369
12451
13392
7006
7746
6379
909
292
73754
34089
1660
156339
281132
73474
81769
73754
53117
42779
281132
851
308487
2090
182597
342303
73474
38413
67
5346
297226
103
2832
51566
38413
182597
136
3015
17
4192
748
151252
1
10856
284
73474
83
88986
