130882
24473
103131
324275
50
2519
303108
925
444851
5664
303108
303108
630033
30133
1
10
505347
50
1486
1114
622312
917003
275858
69
15028
3.22421e+006
622312
1145
3.55167e+006
106277
2.57218e+006
443730
16003
2.57218e+006
341
3.55167e+006
1
246
94610
114
5202
3.55167e+006
1.3142e+006
103131
645
101939
28655
14924
360157
938698
938698
40187
917003
14871
3.22421e+006
938698
469977
31906
54
3.55167e+006
1755
14
197
243564
6374
303108
6790
630033
303108
16307
938698
1.3142e+006
303108
19
49
324275
17060
357
210835
26
1.3142e+006
303108
24841
3809
39
3.55167e+006
401
622312
362634
256
1177
324275
2360
681482
19451
4328
130189
35
12474
3.55167e+006
