422
169
5442
3384
10643
2916
3
1546
137336
1020
68205
696834
124
68205
130590
482
115
1026
50
13
270306
398
2253
14499
1700
393
800000
1390
27
289
12805
130590
319
51
456
23167
7
2388
779
606
800000
8258
239
155
188
17724
498
16
800000
86388
27923
696834
68205
181
59888
18585
137336
4
800000
10
222
70
78187
800000
31
1791
123
1491
2232
22
270306
24
93
54797
59888
270306
137336
9936
357
51
128
575876
592
1565
137336
1135
3760
19017
137336
2065
800000
86388
137336
761
59888
10946
2109
5069
59888
1103
